+-------------------------------------------------------------------------------------------------------------------------------------------------------------------------------------------------------------------------+
; Legal Partition Candidates                                                                                                                                                                                              ;
+--------------------+-------+----------------+--------------+----------------+--------+-----------------+---------------+-----------------+-------+----------------+--------------+------------------+-------------------+
; Hierarchy          ; Input ; Constant Input ; Unused Input ; Floating Input ; Output ; Constant Output ; Unused Output ; Floating Output ; Bidir ; Constant Bidir ; Unused Bidir ; Input only Bidir ; Output only Bidir ;
+--------------------+-------+----------------+--------------+----------------+--------+-----------------+---------------+-----------------+-------+----------------+--------------+------------------+-------------------+
; RAM|MODULE_7|ENT12 ; 17    ; 0              ; 0            ; 0              ; 0      ; 0               ; 0             ; 0               ; 32    ; 0              ; 0            ; 0                ; 0                 ;
; RAM|MODULE_7|ENT11 ; 49    ; 0              ; 0            ; 0              ; 48     ; 0               ; 0             ; 0               ; 0     ; 0              ; 0            ; 0                ; 0                 ;
; RAM|MODULE_7|ENT10 ; 49    ; 0              ; 0            ; 0              ; 48     ; 0               ; 0             ; 0               ; 0     ; 0              ; 0            ; 0                ; 0                 ;
; RAM|MODULE_7|ENT9  ; 49    ; 0              ; 0            ; 0              ; 48     ; 0               ; 0             ; 0               ; 0     ; 0              ; 0            ; 0                ; 0                 ;
; RAM|MODULE_7|ENT8  ; 49    ; 0              ; 0            ; 0              ; 48     ; 0               ; 0             ; 0               ; 0     ; 0              ; 0            ; 0                ; 0                 ;
; RAM|MODULE_7|ENT7  ; 49    ; 0              ; 0            ; 0              ; 48     ; 0               ; 0             ; 0               ; 0     ; 0              ; 0            ; 0                ; 0                 ;
; RAM|MODULE_7|ENT6  ; 49    ; 0              ; 0            ; 0              ; 48     ; 0               ; 0             ; 0               ; 0     ; 0              ; 0            ; 0                ; 0                 ;
; RAM|MODULE_7|ENT5  ; 49    ; 0              ; 0            ; 0              ; 48     ; 0               ; 0             ; 0               ; 0     ; 0              ; 0            ; 0                ; 0                 ;
; RAM|MODULE_7|ENT4  ; 49    ; 0              ; 0            ; 0              ; 48     ; 0               ; 0             ; 0               ; 0     ; 0              ; 0            ; 0                ; 0                 ;
; RAM|MODULE_7|ENT3  ; 49    ; 0              ; 0            ; 0              ; 48     ; 0               ; 0             ; 0               ; 0     ; 0              ; 0            ; 0                ; 0                 ;
; RAM|MODULE_7|ENT2  ; 49    ; 0              ; 0            ; 0              ; 48     ; 0               ; 0             ; 0               ; 0     ; 0              ; 0            ; 0                ; 0                 ;
; RAM|MODULE_7|ENT1  ; 49    ; 0              ; 0            ; 0              ; 48     ; 0               ; 0             ; 0               ; 0     ; 0              ; 0            ; 0                ; 0                 ;
; RAM|MODULE_7       ; 17    ; 0              ; 0            ; 0              ; 0      ; 0               ; 0             ; 0               ; 32    ; 0              ; 0            ; 0                ; 0                 ;
; RAM|MODULE_6|ENT12 ; 17    ; 0              ; 0            ; 0              ; 0      ; 0               ; 0             ; 0               ; 32    ; 0              ; 0            ; 0                ; 0                 ;
; RAM|MODULE_6|ENT11 ; 49    ; 0              ; 0            ; 0              ; 48     ; 0               ; 0             ; 0               ; 0     ; 0              ; 0            ; 0                ; 0                 ;
; RAM|MODULE_6|ENT10 ; 49    ; 0              ; 0            ; 0              ; 48     ; 0               ; 0             ; 0               ; 0     ; 0              ; 0            ; 0                ; 0                 ;
; RAM|MODULE_6|ENT9  ; 49    ; 0              ; 0            ; 0              ; 48     ; 0               ; 0             ; 0               ; 0     ; 0              ; 0            ; 0                ; 0                 ;
; RAM|MODULE_6|ENT8  ; 49    ; 0              ; 0            ; 0              ; 48     ; 0               ; 0             ; 0               ; 0     ; 0              ; 0            ; 0                ; 0                 ;
; RAM|MODULE_6|ENT7  ; 49    ; 0              ; 0            ; 0              ; 48     ; 0               ; 0             ; 0               ; 0     ; 0              ; 0            ; 0                ; 0                 ;
; RAM|MODULE_6|ENT6  ; 49    ; 0              ; 0            ; 0              ; 48     ; 0               ; 0             ; 0               ; 0     ; 0              ; 0            ; 0                ; 0                 ;
; RAM|MODULE_6|ENT5  ; 49    ; 0              ; 0            ; 0              ; 48     ; 0               ; 0             ; 0               ; 0     ; 0              ; 0            ; 0                ; 0                 ;
; RAM|MODULE_6|ENT4  ; 49    ; 0              ; 0            ; 0              ; 48     ; 0               ; 0             ; 0               ; 0     ; 0              ; 0            ; 0                ; 0                 ;
; RAM|MODULE_6|ENT3  ; 49    ; 0              ; 0            ; 0              ; 48     ; 0               ; 0             ; 0               ; 0     ; 0              ; 0            ; 0                ; 0                 ;
; RAM|MODULE_6|ENT2  ; 49    ; 0              ; 0            ; 0              ; 48     ; 0               ; 0             ; 0               ; 0     ; 0              ; 0            ; 0                ; 0                 ;
; RAM|MODULE_6|ENT1  ; 49    ; 0              ; 0            ; 0              ; 48     ; 0               ; 0             ; 0               ; 0     ; 0              ; 0            ; 0                ; 0                 ;
; RAM|MODULE_6       ; 17    ; 0              ; 0            ; 0              ; 0      ; 0               ; 0             ; 0               ; 32    ; 0              ; 0            ; 0                ; 0                 ;
; RAM|MODULE_5|ENT12 ; 17    ; 0              ; 0            ; 0              ; 0      ; 0               ; 0             ; 0               ; 32    ; 0              ; 0            ; 0                ; 0                 ;
; RAM|MODULE_5|ENT11 ; 49    ; 0              ; 0            ; 0              ; 48     ; 0               ; 0             ; 0               ; 0     ; 0              ; 0            ; 0                ; 0                 ;
; RAM|MODULE_5|ENT10 ; 49    ; 0              ; 0            ; 0              ; 48     ; 0               ; 0             ; 0               ; 0     ; 0              ; 0            ; 0                ; 0                 ;
; RAM|MODULE_5|ENT9  ; 49    ; 0              ; 0            ; 0              ; 48     ; 0               ; 0             ; 0               ; 0     ; 0              ; 0            ; 0                ; 0                 ;
; RAM|MODULE_5|ENT8  ; 49    ; 0              ; 0            ; 0              ; 48     ; 0               ; 0             ; 0               ; 0     ; 0              ; 0            ; 0                ; 0                 ;
; RAM|MODULE_5|ENT7  ; 49    ; 0              ; 0            ; 0              ; 48     ; 0               ; 0             ; 0               ; 0     ; 0              ; 0            ; 0                ; 0                 ;
; RAM|MODULE_5|ENT6  ; 49    ; 0              ; 0            ; 0              ; 48     ; 0               ; 0             ; 0               ; 0     ; 0              ; 0            ; 0                ; 0                 ;
; RAM|MODULE_5|ENT5  ; 49    ; 0              ; 0            ; 0              ; 48     ; 0               ; 0             ; 0               ; 0     ; 0              ; 0            ; 0                ; 0                 ;
; RAM|MODULE_5|ENT4  ; 49    ; 0              ; 0            ; 0              ; 48     ; 0               ; 0             ; 0               ; 0     ; 0              ; 0            ; 0                ; 0                 ;
; RAM|MODULE_5|ENT3  ; 49    ; 0              ; 0            ; 0              ; 48     ; 0               ; 0             ; 0               ; 0     ; 0              ; 0            ; 0                ; 0                 ;
; RAM|MODULE_5|ENT2  ; 49    ; 0              ; 0            ; 0              ; 48     ; 0               ; 0             ; 0               ; 0     ; 0              ; 0            ; 0                ; 0                 ;
; RAM|MODULE_5|ENT1  ; 49    ; 0              ; 0            ; 0              ; 48     ; 0               ; 0             ; 0               ; 0     ; 0              ; 0            ; 0                ; 0                 ;
; RAM|MODULE_5       ; 17    ; 0              ; 0            ; 0              ; 0      ; 0               ; 0             ; 0               ; 32    ; 0              ; 0            ; 0                ; 0                 ;
; RAM|MODULE_4|ENT12 ; 17    ; 0              ; 0            ; 0              ; 0      ; 0               ; 0             ; 0               ; 32    ; 0              ; 0            ; 0                ; 0                 ;
; RAM|MODULE_4|ENT11 ; 49    ; 0              ; 0            ; 0              ; 48     ; 0               ; 0             ; 0               ; 0     ; 0              ; 0            ; 0                ; 0                 ;
; RAM|MODULE_4|ENT10 ; 49    ; 0              ; 0            ; 0              ; 48     ; 0               ; 0             ; 0               ; 0     ; 0              ; 0            ; 0                ; 0                 ;
; RAM|MODULE_4|ENT9  ; 49    ; 0              ; 0            ; 0              ; 48     ; 0               ; 0             ; 0               ; 0     ; 0              ; 0            ; 0                ; 0                 ;
; RAM|MODULE_4|ENT8  ; 49    ; 0              ; 0            ; 0              ; 48     ; 0               ; 0             ; 0               ; 0     ; 0              ; 0            ; 0                ; 0                 ;
; RAM|MODULE_4|ENT7  ; 49    ; 0              ; 0            ; 0              ; 48     ; 0               ; 0             ; 0               ; 0     ; 0              ; 0            ; 0                ; 0                 ;
; RAM|MODULE_4|ENT6  ; 49    ; 0              ; 0            ; 0              ; 48     ; 0               ; 0             ; 0               ; 0     ; 0              ; 0            ; 0                ; 0                 ;
; RAM|MODULE_4|ENT5  ; 49    ; 0              ; 0            ; 0              ; 48     ; 0               ; 0             ; 0               ; 0     ; 0              ; 0            ; 0                ; 0                 ;
; RAM|MODULE_4|ENT4  ; 49    ; 0              ; 0            ; 0              ; 48     ; 0               ; 0             ; 0               ; 0     ; 0              ; 0            ; 0                ; 0                 ;
; RAM|MODULE_4|ENT3  ; 49    ; 0              ; 0            ; 0              ; 48     ; 0               ; 0             ; 0               ; 0     ; 0              ; 0            ; 0                ; 0                 ;
; RAM|MODULE_4|ENT2  ; 49    ; 0              ; 0            ; 0              ; 48     ; 0               ; 0             ; 0               ; 0     ; 0              ; 0            ; 0                ; 0                 ;
; RAM|MODULE_4|ENT1  ; 49    ; 0              ; 0            ; 0              ; 48     ; 0               ; 0             ; 0               ; 0     ; 0              ; 0            ; 0                ; 0                 ;
; RAM|MODULE_4       ; 17    ; 0              ; 0            ; 0              ; 0      ; 0               ; 0             ; 0               ; 32    ; 0              ; 0            ; 0                ; 0                 ;
; RAM                ; 21    ; 0              ; 2            ; 0              ; 0      ; 0               ; 0             ; 0               ; 32    ; 0              ; 0            ; 0                ; 0                 ;
; ROM|MODULE_3|ENT12 ; 17    ; 0              ; 0            ; 0              ; 0      ; 0               ; 0             ; 0               ; 32    ; 0              ; 0            ; 0                ; 0                 ;
; ROM|MODULE_3|ENT11 ; 49    ; 0              ; 0            ; 0              ; 48     ; 0               ; 0             ; 0               ; 0     ; 0              ; 0            ; 0                ; 0                 ;
; ROM|MODULE_3|ENT10 ; 49    ; 0              ; 0            ; 0              ; 48     ; 0               ; 0             ; 0               ; 0     ; 0              ; 0            ; 0                ; 0                 ;
; ROM|MODULE_3|ENT9  ; 49    ; 0              ; 0            ; 0              ; 48     ; 0               ; 0             ; 0               ; 0     ; 0              ; 0            ; 0                ; 0                 ;
; ROM|MODULE_3|ENT8  ; 49    ; 0              ; 0            ; 0              ; 48     ; 0               ; 0             ; 0               ; 0     ; 0              ; 0            ; 0                ; 0                 ;
; ROM|MODULE_3|ENT7  ; 49    ; 0              ; 0            ; 0              ; 48     ; 0               ; 0             ; 0               ; 0     ; 0              ; 0            ; 0                ; 0                 ;
; ROM|MODULE_3|ENT6  ; 49    ; 0              ; 0            ; 0              ; 48     ; 0               ; 0             ; 0               ; 0     ; 0              ; 0            ; 0                ; 0                 ;
; ROM|MODULE_3|ENT5  ; 49    ; 0              ; 0            ; 0              ; 48     ; 0               ; 0             ; 0               ; 0     ; 0              ; 0            ; 0                ; 0                 ;
; ROM|MODULE_3|ENT4  ; 49    ; 0              ; 0            ; 0              ; 48     ; 0               ; 0             ; 0               ; 0     ; 0              ; 0            ; 0                ; 0                 ;
; ROM|MODULE_3|ENT3  ; 49    ; 0              ; 0            ; 0              ; 48     ; 0               ; 0             ; 0               ; 0     ; 0              ; 0            ; 0                ; 0                 ;
; ROM|MODULE_3|ENT2  ; 49    ; 0              ; 0            ; 0              ; 48     ; 0               ; 0             ; 0               ; 0     ; 0              ; 0            ; 0                ; 0                 ;
; ROM|MODULE_3|ENT1  ; 49    ; 0              ; 0            ; 0              ; 48     ; 0               ; 0             ; 0               ; 0     ; 0              ; 0            ; 0                ; 0                 ;
; ROM|MODULE_3       ; 17    ; 0              ; 0            ; 0              ; 0      ; 0               ; 0             ; 0               ; 32    ; 0              ; 0            ; 0                ; 0                 ;
; ROM|MODULE_2|ENT12 ; 17    ; 0              ; 0            ; 0              ; 0      ; 0               ; 0             ; 0               ; 32    ; 0              ; 0            ; 0                ; 0                 ;
; ROM|MODULE_2|ENT11 ; 49    ; 0              ; 0            ; 0              ; 48     ; 0               ; 0             ; 0               ; 0     ; 0              ; 0            ; 0                ; 0                 ;
; ROM|MODULE_2|ENT10 ; 49    ; 0              ; 0            ; 0              ; 48     ; 0               ; 0             ; 0               ; 0     ; 0              ; 0            ; 0                ; 0                 ;
; ROM|MODULE_2|ENT9  ; 49    ; 0              ; 0            ; 0              ; 48     ; 0               ; 0             ; 0               ; 0     ; 0              ; 0            ; 0                ; 0                 ;
; ROM|MODULE_2|ENT8  ; 49    ; 0              ; 0            ; 0              ; 48     ; 0               ; 0             ; 0               ; 0     ; 0              ; 0            ; 0                ; 0                 ;
; ROM|MODULE_2|ENT7  ; 49    ; 0              ; 0            ; 0              ; 48     ; 0               ; 0             ; 0               ; 0     ; 0              ; 0            ; 0                ; 0                 ;
; ROM|MODULE_2|ENT6  ; 49    ; 0              ; 0            ; 0              ; 48     ; 0               ; 0             ; 0               ; 0     ; 0              ; 0            ; 0                ; 0                 ;
; ROM|MODULE_2|ENT5  ; 49    ; 0              ; 0            ; 0              ; 48     ; 0               ; 0             ; 0               ; 0     ; 0              ; 0            ; 0                ; 0                 ;
; ROM|MODULE_2|ENT4  ; 49    ; 0              ; 0            ; 0              ; 48     ; 0               ; 0             ; 0               ; 0     ; 0              ; 0            ; 0                ; 0                 ;
; ROM|MODULE_2|ENT3  ; 49    ; 0              ; 0            ; 0              ; 48     ; 0               ; 0             ; 0               ; 0     ; 0              ; 0            ; 0                ; 0                 ;
; ROM|MODULE_2|ENT2  ; 49    ; 0              ; 0            ; 0              ; 48     ; 0               ; 0             ; 0               ; 0     ; 0              ; 0            ; 0                ; 0                 ;
; ROM|MODULE_2|ENT1  ; 49    ; 0              ; 0            ; 0              ; 48     ; 0               ; 0             ; 0               ; 0     ; 0              ; 0            ; 0                ; 0                 ;
; ROM|MODULE_2       ; 17    ; 0              ; 0            ; 0              ; 0      ; 0               ; 0             ; 0               ; 32    ; 0              ; 0            ; 0                ; 0                 ;
; ROM|MODULE_1|ENT12 ; 17    ; 0              ; 0            ; 0              ; 0      ; 0               ; 0             ; 0               ; 32    ; 0              ; 0            ; 0                ; 0                 ;
; ROM|MODULE_1|ENT11 ; 49    ; 0              ; 0            ; 0              ; 48     ; 0               ; 0             ; 0               ; 0     ; 0              ; 0            ; 0                ; 0                 ;
; ROM|MODULE_1|ENT10 ; 49    ; 0              ; 0            ; 0              ; 48     ; 0               ; 0             ; 0               ; 0     ; 0              ; 0            ; 0                ; 0                 ;
; ROM|MODULE_1|ENT9  ; 49    ; 0              ; 0            ; 0              ; 48     ; 0               ; 0             ; 0               ; 0     ; 0              ; 0            ; 0                ; 0                 ;
; ROM|MODULE_1|ENT8  ; 49    ; 0              ; 0            ; 0              ; 48     ; 0               ; 0             ; 0               ; 0     ; 0              ; 0            ; 0                ; 0                 ;
; ROM|MODULE_1|ENT7  ; 49    ; 0              ; 0            ; 0              ; 48     ; 0               ; 0             ; 0               ; 0     ; 0              ; 0            ; 0                ; 0                 ;
; ROM|MODULE_1|ENT6  ; 49    ; 0              ; 0            ; 0              ; 48     ; 0               ; 0             ; 0               ; 0     ; 0              ; 0            ; 0                ; 0                 ;
; ROM|MODULE_1|ENT5  ; 49    ; 0              ; 0            ; 0              ; 48     ; 0               ; 0             ; 0               ; 0     ; 0              ; 0            ; 0                ; 0                 ;
; ROM|MODULE_1|ENT4  ; 49    ; 0              ; 0            ; 0              ; 48     ; 0               ; 0             ; 0               ; 0     ; 0              ; 0            ; 0                ; 0                 ;
; ROM|MODULE_1|ENT3  ; 49    ; 0              ; 0            ; 0              ; 48     ; 0               ; 0             ; 0               ; 0     ; 0              ; 0            ; 0                ; 0                 ;
; ROM|MODULE_1|ENT2  ; 49    ; 0              ; 0            ; 0              ; 48     ; 0               ; 0             ; 0               ; 0     ; 0              ; 0            ; 0                ; 0                 ;
; ROM|MODULE_1|ENT1  ; 49    ; 0              ; 0            ; 0              ; 48     ; 0               ; 0             ; 0               ; 0     ; 0              ; 0            ; 0                ; 0                 ;
; ROM|MODULE_1       ; 17    ; 0              ; 0            ; 0              ; 0      ; 0               ; 0             ; 0               ; 32    ; 0              ; 0            ; 0                ; 0                 ;
; ROM|MODULE_0|ENT12 ; 17    ; 0              ; 0            ; 0              ; 0      ; 0               ; 0             ; 0               ; 32    ; 0              ; 0            ; 0                ; 0                 ;
; ROM|MODULE_0|ENT11 ; 49    ; 0              ; 0            ; 0              ; 48     ; 0               ; 0             ; 0               ; 0     ; 0              ; 0            ; 0                ; 0                 ;
; ROM|MODULE_0|ENT10 ; 49    ; 0              ; 0            ; 0              ; 48     ; 0               ; 0             ; 0               ; 0     ; 0              ; 0            ; 0                ; 0                 ;
; ROM|MODULE_0|ENT9  ; 49    ; 0              ; 0            ; 0              ; 48     ; 0               ; 0             ; 0               ; 0     ; 0              ; 0            ; 0                ; 0                 ;
; ROM|MODULE_0|ENT8  ; 49    ; 0              ; 0            ; 0              ; 48     ; 0               ; 0             ; 0               ; 0     ; 0              ; 0            ; 0                ; 0                 ;
; ROM|MODULE_0|ENT7  ; 49    ; 0              ; 0            ; 0              ; 48     ; 0               ; 0             ; 0               ; 0     ; 0              ; 0            ; 0                ; 0                 ;
; ROM|MODULE_0|ENT6  ; 49    ; 0              ; 0            ; 0              ; 48     ; 0               ; 0             ; 0               ; 0     ; 0              ; 0            ; 0                ; 0                 ;
; ROM|MODULE_0|ENT5  ; 49    ; 0              ; 0            ; 0              ; 48     ; 0               ; 0             ; 0               ; 0     ; 0              ; 0            ; 0                ; 0                 ;
; ROM|MODULE_0|ENT4  ; 49    ; 0              ; 0            ; 0              ; 48     ; 0               ; 0             ; 0               ; 0     ; 0              ; 0            ; 0                ; 0                 ;
; ROM|MODULE_0|ENT3  ; 49    ; 0              ; 0            ; 0              ; 48     ; 0               ; 0             ; 0               ; 0     ; 0              ; 0            ; 0                ; 0                 ;
; ROM|MODULE_0|ENT2  ; 49    ; 0              ; 0            ; 0              ; 48     ; 0               ; 0             ; 0               ; 0     ; 0              ; 0            ; 0                ; 0                 ;
; ROM|MODULE_0|ENT1  ; 49    ; 0              ; 0            ; 0              ; 48     ; 0               ; 0             ; 0               ; 0     ; 0              ; 0            ; 0                ; 0                 ;
; ROM|MODULE_0       ; 17    ; 0              ; 0            ; 0              ; 0      ; 0               ; 0             ; 0               ; 32    ; 0              ; 0            ; 0                ; 0                 ;
; ROM                ; 21    ; 0              ; 2            ; 0              ; 0      ; 0               ; 0             ; 0               ; 32    ; 0              ; 0            ; 0                ; 0                 ;
+--------------------+-------+----------------+--------------+----------------+--------+-----------------+---------------+-----------------+-------+----------------+--------------+------------------+-------------------+
